10000 1000
830 223
619 565
205 82
60 50
453 78
628 638
865 901
362 264
379 817
2 394
699 793
766 890
48 131
35 127
684 893
326 931
679 557
219 536
46 926
212 140
122 532
926 499
38 431
845 165
320 419
525 935
316 150
903 514
107 674
787 770
904 151
937 377
512 444
95 642
156 983
73 390
709 239
217 712
141 658
253 417
696 103
8 870
281 124
468 325
748 397
601 121
32 668
121 467
347 953
147 784
706 635
377 529
65 227
282 273
630 147
923 760
950 478
464 280
892 114
627 240
856 439
910 26
498 983
727 138
603 245
778 898
923 549
521 313
210 850
838 532
3 600
758 137
67 148
455 399
705 992
962 900
895 583
336 134
651 391
788 89
157 490
565 132
292 326
603 149
842 527
326 395
387 469
847 959
541 917
637 896
421 658
813 138
907 842
462 244
713 175
165 127
419 952
152 880
659 837
464 105
939 358
26 325
793 711
138 195
9 833
765 26
959 668
548 14
862 640
550 589
79 89
810 246
13 673
432 798
997 247
7 866
739 48
34 453
233 391
840 978
694 234
775 740
258 647
13 762
809 128
278 218
804 118
953 680
91 908
957 2
949 298
813 981
60 376
436 499
375 15
496 931
172 956
663 285
350 887
335 920
382 765
636 468
523 496
335 680
529 346
231 648
920 481
437 507
266 920
485 360
249 721
44 908
602 761
433 987
202 193
386 950
191 709
722 221
189 726
70 378
859 513
438 236
779 407
442 854
341 685
679 393
166 124
686 650
534 392
873 803
598 208
587 481
860 481
351 256
192 922
489 624
689 423
207 734
232 607
299 17
596 398
846 500
86 533
259 359
569 436
125 365
814 643
114 408
896 180
175 613
317 176
604 516
314 410
751 767
281 139
33 270
478 687
280 19
678 404
770 210
912 348
660 795
30 243
199 617
698 294
739 439
589 158
840 310
973 960
129 696
465 716
964 412
42 46
842 955
136 437
930 693
656 164
599 996
926 603
140 652
211 60
744 158
72 493
185 644
454 669
967 850
244 936
204 869
554 727
78 592
43 493
30 230
901 602
50 20
932 403
166 634
522 28
446 262
947 247
673 66
576 871
30 279
964 888
340 426
889 753
50 947
962 92
269 193
261 391
261 417
74 239
888 668
523 823
946 19
564 142
518 368
895 593
957 101
73 159
714 377
440 771
297 299
629 704
862 460
660 861
427 301
121 190
962 254
131 826
930 526
881 765
347 72
718 904
364 249
878 423
135 665
107 172
669 711
452 540
807 123
430 291
805 533
934 116
326 184
486 379
835 849
808 180
395 272
311 708
974 939
705 28
498 429
37 767
698 247
714 420
537 49
118 940
74 134
407 501
712 255
186 676
517 947
671 940
235 777
168 467
707 388
842 251
984 713
969 704
945 786
633 860
597 491
669 291
360 367
212 166
645 68
781 293
742 54
849 961
947 323
475 552
247 378
206 58
156 156
77 49
190 525
979 64
679 860
198 464
711 26
442 600
240 960
379 865
245 915
180 212
553 941
390 879
700 960
688 507
826 507
101 104
495 272
34 651
102 763
572 702
764 95
295 589
381 736
812 773
758 535
773 696
345 737
349 997
154 362
458 876
450 591
78 331
112 950
285 413
913 375
481 818
838 563
693 25
925 996
820 115
214 365
325 935
911 49
409 777
60 428
236 289
43 888
221 271
516 223
262 468
632 691
754 321
928 664
846 49
776 936
112 558
199 939
673 875
270 940
193 254
860 430
604 934
803 126
643 246
68 223
803 33
549 987
573 700
323 960
475 583
866 396
210 934
790 468
298 589
643 88
864 804
527 83
715 710
259 642
463 624
269 229
137 796
287 448
704 983
528 854
481 967
446 962
852 3
731 413
319 852
557 104
550 665
635 19
214 366
49 148
958 499
646 895
782 111
821 116
851 607
485 231
983 981
188 103
6 700
381 646
480 97
341 35
452 450
106 500
230 523
73 604
131 610
589 977
911 734
225 605
563 859
760 298
681 747
287 843
207 805
794 794
112 857
721 627
45 209
596 61
158 231
451 321
770 536
179 625
433 282
98 874
882 187
162 56
313 168
26 769
496 444
361 990
753 452
72 775
936 737
225 761
330 966
409 478
46 997
627 686
338 775
765 325
148 638
649 817
967 144
127 672
341 223
225 397
460 245
690 993
246 918
834 824
29 350
526 66
709 270
438 239
339 458
43 675
723 911
487 306
107 287
328 82
420 333
787 35
804 493
596 998
629 936
387 570
347 401
592 26
645 625
627 521
478 400
452 132
83 63
726 377
374 373
566 330
913 121
255 133
99 467
957 351
617 241
297 838
293 616
195 105
422 836
393 638
774 813
645 992
708 99
912 579
14 565
808 257
955 25
396 110
513 723
438 477
130 286
696 336
892 510
429 806
211 730
642 245
797 191
708 937
376 811
55 245
940 891
521 153
992 553
898 238
147 282
734 875
861 748
908 603
893 409
676 146
391 858
910 560
968 691
601 836
918 586
942 163
81 777
730 196
554 167
533 611
776 944
151 129
834 737
753 384
758 574
712 602
663 634
402 949
712 160
435 815
346 921
151 336
690 218
95 11
116 385
235 267
975 607
488 746
639 203
145 834
133 680
632 465
264 120
828 462
137 906
670 45
900 996
61 951
165 559
102 914
616 612
643 491
501 474
124 859
912 469
981 812
366 275
353 669
946 554
948 729
69 940
534 589
744 665
438 172
756 772
248 15
419 979
93 325
220 24
440 469
550 927
2 972
928 971
671 667
857 141
721 714
845 20
189 463
184 515
908 706
903 430
780 893
507 629
391 2
60 736
39 354
472 328
346 808
281 788
854 477
811 225
925 653
595 323
497 34
40 600
335 969
629 363
425 41
533 398
851 957
781 521
153 680
302 625
798 824
607 529
838 1000
336 48
675 388
741 538
38 347
217 479
595 646
393 212
77 952
261 815
730 742
767 517
627 542
618 46
380 771
557 957
70 288
469 811
43 367
949 882
460 509
604 269
642 772
494 461
330 791
515 378
47 862
949 996
32 528
801 85
968 609
751 613
13 284
948 503
398 698
228 993
347 946
441 521
84 983
350 872
261 28
667 108
972 941
252 453
44 983
589 938
602 583
129 388
946 146
400 432
85 528
382 156
578 692
791 305
189 570
51 875
807 987
659 529
161 790
70 914
967 586
111 925
678 759
858 793
651 231
510 829
867 901
25 89
94 239
993 800
164 821
972 871
615 227
335 890
481 484
435 262
928 287
348 398
928 412
892 625
622 68
690 213
67 119
298 66
188 429
571 762
799 83
565 948
894 326
662 644
436 63
816 286
542 175
28 512
205 25
229 970
42 349
124 396
268 551
647 647
410 603
412 193
520 647
663 605
791 124
205 48
628 63
364 382
874 727
716 981
539 786
762 988
179 941
394 687
193 55
638 701
654 737
450 984
904 27
963 758
433 399
205 987
740 509
60 27
830 817
131 437
341 341
580 95
608 998
209 888
607 946
552 455
282 70
294 157
288 586
742 639
423 698
91 577
667 52
888 668
283 220
611 243
652 842
495 864
806 687
412 891
296 159
97 352
853 850
245 845
322 990
869 993
482 545
159 503
622 269
614 529
933 259
988 392
80 737
733 828
510 863
524 780
338 604
135 953
101 731
610 62
666 19
905 900
828 379
312 229
861 885
363 968
91 176
925 931
27 530
53 520
973 870
351 86
906 404
97 591
664 79
691 791
735 778
531 933
357 285
793 619
257 980
888 270
898 559
74 974
934 843
727 605
486 234
283 187
9 309
441 160
785 445
918 675
271 696
102 835
45 225
108 202
177 47
733 516
958 183
13 169
540 352
447 139
843 512
900 782
561 764
447 96
489 325
152 921
601 493
474 111
39 738
535 728
611 302
168 368
260 258
686 718
865 173
309 437
61 271
875 132
890 955
454 109
749 200
15 217
160 814
725 909
701 281
463 701
428 133
413 415
199 64
665 919
319 725
552 983
618 588
46 252
313 748
255 484
808 986
512 962
290 20
244 229
5 158
882 323
81 151
40 748
148 590
289 328
426 249
717 63
856 74
19 161
368 893
86 581
928 898
300 689
513 144
60 783
755 67
831 556
517 403
426 64
920 80
975 640
629 325
116 359
62 407
8 326
693 541
847 377
657 139
623 585
537 132
344 502
938 957
864 738
389 741
155 516
834 494
10 437
12 262
358 120
653 955
394 475
817 216
496 86
724 946
557 347
975 827
716 462
779 598
251 47
678 151
156 688
981 47
299 822
18 554
84 784
722 339
904 656
714 718
780 922
239 519
746 185
405 64
930 948
66 552
433 265
859 49
682 704
232 688
158 976
248 535
919 143
649 324
862 150
387 219
872 652
751 953
290 207
789 717
334 840
126 798
609 658
608 130
518 148
688 626
947 849
968 502
741 301
221 995
144 322
996 445
961 868
142 957
947 509
220 916
764 828
227 120
600 637
705 283
738 122
564 902
794 632
469 19
572 433
521 553
699 703
576 147
408 195
14 839
669 825
598 243
815 255
354 889
396 943
824 554
237 437
656 970
679 36
439 648
992 664
504 401
122 479
860 41
809 486
596 839
757 456
219 380
468 254
386 884
887 759
46 421
480 850
85 48
120 428
216 827
837 701
938 29
421 453
842 617
613 265
480 822
826 742
407 755
523 173
438 352
293 797
341 28
318 599
44 760
163 776
797 335
498 237
614 332
126 972
521 414
37 86
170 466
482 948
502 754
379 697
319 669
389 645
434 289
471 988
231 400
155 238
924 724
713 222
716 921
837 795
780 362
661 904
993 715
53 968
284 428
729 585
103 904
318 826
175 582
747 349
276 348
570 224
926 849
947 215
279 711
453 809
356 193
325 163
784 78
938 544
262 815
93 123
36 996
709 468
815 877
289 282
839 467
426 380
28 737
760 902
246 836
859 27
883 375
714 502
62 463
755 223
706 584
527 884
350 76
213 863
346 602
632 993
84 898
353 83
912 912
397 947
886 717
679 277
770 365
159 822
166 960
649 651
456 483
173 698
953 351
864 799
270 974
278 883
164 144
589 937
407 932
786 843
651 551
271 301
913 921
367 571
900 129
386 156
822 118
829 56
168 394
709 810
679 212
246 173
937 348
324 186
552 521
897 138
213 312
632 61
640 659
376 724
800 250
112 127
612 645
842 897
824 549
870 455
334 757
910 849
649 943
210 677
350 973
747 720
256 188
721 520
568 976
562 303
746 350
248 335
139 32
699 33
766 350
836 654
348 523
447 173
308 821
774 944
941 356
99 216
223 980
281 167
913 888
229 654
750 385
107 263
473 574
52 913
389 787
610 132
876 694
224 442
439 28
713 461
97 641
346 599
427 795
767 276
504 355
846 528
464 753
484 413
54 195
687 92
299 536
696 613
206 388
568 685
267 1
480 959
294 688
470 711
975 641
16 647
508 152
324 712
388 604
643 720
856 792
599 214
321 186
485 294
643 765
706 429
996 300
817 530
632 179
658 280
919 81
983 328
779 569
978 963
164 787
441 158
825 381
512 2
981 611
581 49
185 983
785 986
643 625
812 778
829 917
920 857
719 154
896 520
249 346
829 693
93 910
888 442
624 545
545 383
823 414
924 191
113 971
546 107
139 413
813 497
863 522
56 889
186 508
950 896
881 82
166 327
729 615
183 948
693 434
196 559
280 755
843 638
991 547
916 522
228 671
108 183
362 178
841 976
188 936
700 557
736 600
179 183
55 62
484 451
745 873
633 766
603 145
79 619
887 75
178 677
565 281
909 256
84 245
772 369
140 320
295 639
912 645
587 792
172 171
451 538
697 916
559 497
686 264
972 416
793 533
332 541
381 686
361 228
366 895
487 36
182 985
901 914
128 914
352 797
774 366
510 47
934 483
743 862
846 726
964 437
385 281
324 272
709 738
181 122
78 413
439 126
947 721
364 64
131 745
114 791
286 562
538 551
233 329
239 706
964 482
425 411
339 802
780 651
88 964
334 163
763 413
46 180
719 482
65 709
157 157
870 114
619 808
628 279
375 206
89 223
421 563
517 57
314 569
529 459
747 348
656 606
694 754
149 540
44 874
376 987
302 174
886 543
440 948
959 923
235 399
398 674
298 632
196 511
786 330
786 721
922 848
944 646
140 850
30 904
344 575
502 236
737 744
728 52
42 308
487 745
45 679
342 19
976 758
504 417
746 691
589 170
829 496
482 935
679 714
824 551
335 68
141 195
547 996
34 941
383 772
981 752
357 56
187 149
917 627
972 394
239 735
636 969
432 738
40 31
583 150
790 499
698 986
7 60
990 265
602 982
968 485
726 238
713 652
300 613
691 204
417 581
829 29
756 747
601 315
740 492
893 533
609 968
573 682
913 120
364 13
332 504
686 723
973 315
795 777
567 590
663 681
483 806
197 194
249 103
786 371
405 55
211 483
28 56
233 954
612 325
335 996
688 307
90 210
290 900
193 868
404 604
153 990
531 630
12 701
333 820
316 848
170 396
772 805
148 607
6 689
27 369
50 247
433 577
108 810
556 675
86 863
327 763
890 113
719 887
795 45
691 221
754 329
267 893
636 652
317 563
902 707
999 262
567 855
719 457
615 499
777 951
738 114
831 408
14 590
199 827
549 377
559 497
687 716
887 340
840 883
759 971
40 549
875 36
16 999
643 969
145 176
216 327
114 550
639 525
313 487
409 970
348 819
103 435
240 882
920 694
967 255
758 91
946 296
945 521
982 766
420 196
474 543
865 846
143 125
479 564
408 61
903 972
365 435
313 215
734 707
674 327
883 370
787 386
342 56
777 171
363 817
122 851
496 28
869 543
580 925
172 471
868 652
554 927
314 105
33 47
171 625
966 867
282 231
29 496
149 603
369 329
671 652
868 305
276 102
51 51
644 519
492 692
680 844
202 457
145 836
767 38
713 119
608 696
461 105
215 733
779 937
572 471
248 249
739 689
951 240
584 617
526 812
615 558
236 388
343 477
150 709
155 84
946 526
335 431
262 874
138 980
499 553
166 855
965 415
761 630
200 296
936 697
243 225
600 352
691 259
728 591
127 384
742 941
748 84
133 342
74 411
863 417
846 459
911 1000
520 596
873 893
618 970
631 886
835 91
307 27
736 285
139 639
953 399
439 547
290 361
7 409
959 920
977 197
496 449
100 761
663 381
856 523
582 243
823 536
189 394
450 395
627 997
46 574
714 987
568 533
12 921
136 878
108 689
505 404
478 691
677 31
9 938
740 242
357 113
970 758
262 677
951 114
846 122
776 491
127 615
49 137
688 359
438 162
301 862
733 568
208 717
115 333
296 505
516 670
194 481
139 775
558 94
273 945
758 758
638 440
612 323
876 815
544 173
557 734
431 613
157 200
563 756
661 578
95 626
625 753
134 961
161 635
705 904
161 551
740 60
149 835
220 141
178 658
305 287
735 195
231 850
968 514
588 161
135 518
593 31
649 337
96 993
761 566
961 57
248 349
728 776
795 355
457 363
210 940
576 507
218 477
682 15
436 16
540 156
229 559
739 783
421 164
216 652
295 564
776 329
550 760
237 685
337 709
718 943
477 76
942 565
102 993
563 88
812 341
104 209
986 41
752 832
33 303
214 766
325 843
994 145
790 52
915 66
408 726
838 825
443 734
774 731
180 462
790 603
635 242
97 326
876 393
614 199
223 125
399 804
53 169
584 986
59 184
513 56
240 64
30 101
37 189
318 775
803 947
299 553
31 761
304 912
574 947
100 233
530 607
794 364
336 452
398 1
953 977
766 789
17 192
786 254
228 856
881 609
853 461
848 319
906 519
358 130
207 163
586 101
124 852
412 409
599 955
802 736
347 727
952 834
105 390
30 670
994 690
584 662
241 146
137 878
892 174
981 75
312 936
660 276
821 489
318 866
995 744
322 940
865 760
248 225
177 971
580 842
657 685
575 801
5 842
671 866
652 651
695 649
116 212
539 1
657 514
252 278
693 467
276 552
616 988
35 844
913 532
568 940
715 183
347 275
47 587
156 187
696 416
788 491
520 810
199 721
491 656
563 933
613 192
961 540
67 42
133 649
57 626
651 266
361 595
291 154
2 757
76 853
13 660
142 294
940 144
951 201
711 747
937 889
658 976
53 97
336 804
678 77
516 26
699 218
961 404
72 166
117 56
100 58
148 604
443 290
769 941
535 510
347 720
783 356
707 913
607 992
27 747
728 710
592 308
564 918
570 260
154 949
778 559
280 879
844 752
863 923
546 513
289 384
163 169
717 641
143 956
350 926
128 115
820 640
630 226
701 823
239 534
955 824
897 160
714 265
817 200
83 132
916 726
515 153
488 959
818 880
469 557
27 669
171 481
787 338
328 318
327 747
479 870
288 184
915 275
638 44
330 961
248 807
595 451
201 985
248 657
537 395
343 368
534 95
909 270
8 233
180 284
601 488
743 808
302 37
213 833
504 5
538 560
687 180
262 854
960 91
467 665
616 419
453 466
413 919
723 450
217 951
624 710
183 34
148 308
82 176
591 408
406 923
672 158
445 169
517 385
92 285
783 787
862 405
669 523
354 73
733 153
666 306
38 308
16 166
884 494
666 312
534 476
58 68
725 401
848 379
101 708
465 369
55 904
973 537
312 148
334 686
853 909
88 743
842 479
664 503
23 237
852 389
851 310
8 146
208 596
876 960
656 795
197 761
188 698
313 850
102 871
928 898
723 124
754 51
706 753
863 448
700 890
540 326
26 863
980 124
138 707
765 927
602 706
240 41
299 126
571 666
319 37
871 465
617 525
183 390
511 400
644 854
431 551
301 896
21 443
762 356
232 378
109 916
985 200
215 434
776 188
451 198
163 615
444 96
837 275
355 740
264 40
412 733
819 408
579 848
650 63
943 388
862 943
167 141
39 741
791 21
351 394
661 37
277 174
896 846
659 636
586 635
860 331
472 998
860 514
964 445
113 757
431 369
752 882
836 50
223 244
628 543
637 344
619 915
952 846
435 488
950 257
553 569
479 70
78 113
25 24
234 425
80 421
894 808
723 927
99 343
170 36
13 204
252 184
520 451
791 356
84 366
951 241
779 127
143 336
198 641
168 803
430 639
48 360
744 312
54 313
84 601
725 718
674 643
619 625
36 826
109 401
417 510
320 693
59 992
575 133
670 139
193 682
749 64
264 143
934 397
808 904
230 682
22 806
323 884
280 34
94 868
861 674
219 102
949 528
155 389
730 232
674 370
649 362
762 224
85 312
20 383
80 112
557 72
844 410
799 287
274 384
55 972
960 97
544 204
479 683
840 329
806 501
178 294
88 376
39 57
959 961
428 334
64 579
866 658
906 31
580 802
196 569
595 208
228 743
61 445
459 950
627 726
37 831
887 428
213 42
2 879
500 392
857 872
649 159
258 299
15 753
80 912
853 656
780 703
385 939
388 306
413 909
521 493
791 376
956 527
41 876
995 843
3 184
246 319
66 311
610 758
852 444
969 973
360 227
341 611
560 130
415 55
421 452
764 279
568 745
883 19
326 739
355 263
861 358
38 479
92 823
933 893
676 449
66 163
141 535
716 77
72 778
100 542
486 327
747 365
18 133
156 66
10 11
164 895
560 407
737 983
509 673
475 449
769 198
191 818
369 93
780 687
689 863
517 97
355 34
261 779
11 226
531 212
423 799
457 846
424 748
495 501
658 950
895 40
880 993
917 29
425 186
292 762
256 667
214 904
523 994
240 516
230 739
963 611
745 524
315 84
903 999
614 895
684 651
939 596
875 271
85 635
922 552
90 362
723 383
261 67
255 994
99 40
695 63
530 895
855 520
984 722
268 362
822 637
447 856
674 833
625 607
10 868
290 875
954 323
779 617
348 217
463 419
777 557
503 948
604 120
565 733
612 857
11 436
647 52
810 916
915 999
186 252
475 501
583 988
725 678
746 231
114 376
560 268
664 575
374 504
549 470
518 101
75 876
171 353
520 939
384 231
530 294
11 46
216 899
588 132
968 915
187 372
666 410
329 141
632 292
699 844
618 122
790 322
129 312
858 11
751 40
335 291
312 734
268 246
230 885
618 501
696 917
500 943
680 572
112 46
855 707
595 369
704 78
570 654
44 726
136 818
576 460
504 464
495 170
423 298
62 563
43 179
5 391
180 559
948 839
767 59
172 409
977 123
469 450
318 780
302 834
885 403
812 658
710 645
561 583
726 434
8 17
2 505
301 155
264 705
888 169
780 403
380 133
613 73
358 433
127 970
398 497
235 413
704 426
36 810
769 195
143 503
291 20
254 655
62 909
96 542
575 311
525 567
178 638
866 234
654 88
635 187
547 795
611 804
299 758
352 86
622 535
842 49
410 485
26 70
429 947
728 304
110 466
988 214
147 751
797 655
257 389
577 643
786 28
208 667
872 583
93 608
969 161
856 152
294 917
59 735
732 291
204 535
119 748
46 982
771 17
462 317
75 411
611 100
759 87
300 711
785 287
43 461
750 501
635 99
552 470
152 905
980 496
447 802
255 860
931 368
759 788
581 682
86 279
314 942
560 683
70 90
734 602
386 556
732 481
72 335
944 729
988 591
516 378
846 236
999 530
96 524
51 374
224 218
223 606
132 813
485 981
5 856
574 382
232 186
530 22
4 927
987 246
199 520
38 112
592 992
770 268
894 792
821 736
388 732
713 932
311 546
817 806
592 339
825 551
711 78
347 176
868 825
69 32
512 606
172 927
166 254
713 545
462 893
964 597
990 301
449 5
933 490
888 931
398 18
60 554
209 204
427 279
760 421
741 28
549 919
246 669
122 628
913 415
830 738
569 857
956 825
986 899
34 351
284 914
209 871
269 231
449 492
417 147
143 275
377 740
228 461
499 841
13 649
362 63
168 223
72 270
530 997
575 697
540 87
382 837
269 911
405 182
928 340
545 760
319 742
232 50
493 923
405 117
954 262
679 548
680 35
240 322
687 63
257 64
353 832
324 156
253 113
686 215
912 407
336 601
358 746
129 523
631 5
616 140
469 564
415 531
823 103
573 908
558 837
848 112
561 647
463 693
980 684
953 233
97 661
597 459
999 810
897 544
76 239
546 78
145 759
695 364
477 631
801 83
604 204
917 63
24 751
999 219
70 937
915 40
78 553
156 203
521 955
115 74
180 911
8 658
267 705
966 253
941 273
676 692
325 179
533 888
47 272
423 828
914 514
359 359
760 352
190 351
385 788
384 971
974 238
56 114
33 485
945 983
762 258
560 383
732 588
918 825
923 305
667 219
391 427
730 990
896 80
669 430
726 849
513 621
942 899
739 769
389 78
485 478
13 427
425 598
156 301
140 634
342 539
812 243
10 746
500 287
986 259
955 956
672 54
437 729
621 566
102 759
837 228
208 99
715 979
937 638
659 725
764 640
277 82
233 179
132 585
894 650
322 430
812 898
738 3
294 247
301 426
450 655
771 901
819 480
65 804
269 766
527 976
54 416
691 46
602 258
378 807
262 809
437 515
615 503
478 880
485 628
115 497
406 500
256 445
478 937
112 242
846 586
56 251
475 87
243 750
252 502
964 788
840 675
270 404
861 829
784 768
348 229
548 170
297 953
117 680
983 423
564 228
209 386
31 994
78 522
650 321
137 4
564 85
518 639
179 210
505 953
570 266
882 493
880 518
693 781
747 146
4 431
858 901
560 769
723 305
408 274
624 487
446 617
301 429
152 113
99 291
359 13
749 83
838 184
189 418
398 168
292 381
603 825
891 491
364 375
797 783
489 26
305 678
988 511
985 208
576 864
594 546
831 268
360 112
155 436
479 473
494 917
652 245
923 885
68 849
330 966
227 831
762 187
829 906
269 410
682 658
332 386
869 58
600 864
280 490
208 878
872 647
425 155
51 382
682 998
731 539
733 564
737 541
831 859
875 933
669 575
819 231
587 852
545 289
937 859
740 689
190 513
562 435
665 534
34 296
834 1000
854 536
881 107
762 588
240 910
133 133
514 188
724 956
643 415
713 811
450 72
113 582
446 54
858 245
934 196
737 695
9 756
367 919
456 26
977 653
478 879
935 659
198 7
422 130
398 44
640 562
464 787
486 43
747 793
936 467
666 567
377 967
977 980
146 41
801 43
45 210
510 18
812 791
137 556
926 256
573 61
234 307
939 200
545 201
827 578
449 891
722 606
310 740
554 645
834 89
703 139
191 621
117 395
757 527
659 772
156 958
316 213
266 144
571 711
833 219
389 935
574 331
246 49
605 294
732 971
537 939
248 883
965 292
353 174
940 751
927 900
118 428
985 208
305 980
995 353
70 267
461 529
814 608
564 388
247 656
58 729
925 417
347 62
690 903
412 548
466 150
969 531
545 989
982 782
237 537
221 858
347 25
961 707
431 209
45 907
399 875
226 862
894 811
640 647
863 162
522 243
587 159
241 449
100 398
659 5
387 956
354 47
44 992
288 794
772 918
348 856
749 697
78 880
31 38
633 135
773 195
635 504
474 768
842 606
7 809
380 82
8 978
192 372
492 648
548 900
349 705
953 272
231 669
762 21
264 864
667 28
970 150
861 19
589 204
685 657
452 936
968 947
152 46
554 406
246 481
506 373
516 563
242 790
975 863
33 459
310 385
328 537
496 97
367 530
942 805
86 70
475 904
348 466
275 791
198 990
495 892
185 481
891 620
933 87
611 469
608 601
801 114
643 460
348 33
440 141
588 821
387 367
513 619
929 338
366 146
231 182
586 876
272 836
709 388
988 635
765 301
692 781
684 254
237 153
200 624
557 598
324 575
134 37
53 710
147 551
725 679
460 794
841 718
722 368
905 160
842 18
839 386
802 933
918 76
781 699
221 690
792 712
424 661
670 422
436 181
335 621
742 36
840 294
235 59
687 291
405 259
150 826
208 872
740 646
168 112
776 156
513 785
226 121
539 446
266 789
110 881
834 270
819 984
809 346
556 805
160 90
96 182
552 672
579 819
59 85
441 103
449 43
801 563
559 562
834 178
706 31
847 436
880 273
707 481
16 541
339 209
414 666
405 141
304 428
31 785
397 160
165 85
136 288
297 367
4 669
811 55
34 580
317 289
350 469
892 950
221 752
608 162
84 450
346 370
659 500
570 598
325 446
619 24
767 537
164 915
239 220
3 590
490 437
371 265
476 695
263 568
889 449
461 404
960 311
187 192
331 2
534 705
123 429
774 957
349 989
572 171
309 934
765 348
499 38
773 312
982 563
526 300
878 600
62 309
465 384
818 240
594 5
758 339
51 258
300 97
422 518
207 325
178 701
749 569
7 139
436 221
301 468
119 486
913 586
908 510
667 308
664 960
3 370
216 280
436 841
676 274
81 805
910 222
284 668
411 383
488 974
370 293
245 696
810 221
758 962
876 150
289 732
311 242
262 541
985 385
874 299
745 30
268 910
657 183
299 981
37 942
700 892
303 745
956 828
985 361
531 856
487 517
366 481
848 957
835 924
691 601
220 546
865 739
581 776
540 877
843 594
869 14
573 388
713 32
570 546
32 980
744 257
976 5
956 744
761 182
712 897
262 370
327 213
912 754
805 730
489 328
553 674
387 626
212 508
567 460
480 432
890 76
533 349
612 997
267 776
920 366
297 419
232 33
561 220
526 635
179 91
925 846
840 419
633 948
109 477
481 983
865 629
119 194
501 193
423 56
177 281
381 453
776 186
240 14
711 773
241 187
160 407
52 518
705 418
235 992
569 459
367 415
767 186
128 422
671 564
765 818
508 255
596 260
18 26
754 555
388 688
813 889
673 884
282 724
386 234
501 681
194 223
356 671
651 998
97 418
241 527
560 877
253 817
512 591
909 778
126 645
969 345
996 80
236 521
476 243
480 205
393 899
788 302
11 163
362 185
475 800
949 668
769 339
552 431
561 975
112 433
447 257
660 278
715 181
972 734
184 641
790 554
511 254
918 629
928 429
630 358
495 638
513 992
189 492
736 168
899 447
771 880
220 651
692 573
571 448
538 966
14 650
69 224
282 243
543 190
495 117
61 504
844 916
403 330
371 378
149 45
342 382
296 406
631 312
99 244
254 557
932 530
960 433
494 665
755 616
48 489
734 463
95 376
875 775
923 959
229 147
242 700
625 834
149 976
230 711
654 230
912 562
500 421
636 726
356 180
794 100
870 21
772 626
418 453
189 974
168 462
224 412
704 756
673 184
424 538
97 932
647 856
585 350
268 494
574 194
548 70
647 522
164 139
789 721
489 473
512 570
600 958
268 753
313 229
649 95
574 322
155 578
527 813
704 767
868 12
694 249
337 938
308 680
673 203
817 867
957 147
413 378
587 737
241 302
241 273
73 370
781 326
928 306
274 985
981 39
526 414
43 351
787 964
460 706
907 56
35 825
957 12
879 85
346 622
751 465
18 672
174 696
844 526
830 947
101 851
560 812
127 80
839 561
558 48
8 166
30 652
828 101
227 656
355 757
293 517
369 681
316 510
526 930
205 104
198 76
711 98
500 538
720 176
291 2
13 998
989 862
761 710
662 188
781 647
654 451
620 500
462 854
516 153
513 135
478 220
875 553
369 598
940 763
8 328
420 403
232 472
376 814
684 637
899 63
885 23
781 444
535 642
242 281
233 627
740 576
309 243
989 604
281 401
152 243
258 104
989 544
11 360
766 724
957 688
869 499
314 622
545 157
450 979
977 240
386 944
773 692
480 94
753 395
441 867
668 870
420 296
51 930
154 552
302 265
178 889
172 804
789 282
326 107
811 943
340 91
247 866
448 1
576 756
138 13
156 542
702 668
390 832
416 222
113 685
170 766
692 294
967 859
255 100
602 200
186 114
228 166
397 323
618 287
812 259
674 367
385 426
568 58
697 309
24 892
122 278
361 494
312 648
460 308
566 382
821 189
466 207
368 471
108 721
991 133
415 487
604 872
931 938
86 535
832 516
919 265
492 54
875 549
347 19
278 378
762 536
833 73
460 283
89 859
278 233
645 183
552 359
854 752
388 400
384 338
813 302
617 613
937 548
105 449
170 683
312 775
494 346
785 22
511 519
11 335
372 52
31 894
715 630
615 639
340 637
515 730
260 795
435 679
94 887
704 49
393 569
570 376
806 571
685 505
982 390
134 31
343 23
374 678
834 524
991 239
977 318
675 695
360 287
673 566
229 997
113 527
110 256
50 438
97 682
417 621
798 988
245 557
601 940
391 516
820 798
756 631
450 175
741 745
125 585
804 789
218 465
553 27
890 76
234 930
322 916
414 478
684 215
744 683
734 113
117 827
485 13
841 5
137 367
540 902
654 569
140 302
601 943
898 413
858 792
89 982
390 447
901 733
104 720
505 257
100 250
459 774
655 333
155 66
166 930
13 581
691 927
19 226
562 39
700 293
434 814
68 408
947 35
601 559
521 531
539 253
344 999
23 942
601 893
645 39
718 467
881 799
909 982
40 932
997 601
504 77
381 761
984 997
955 370
36 266
482 677
808 648
705 823
319 638
952 170
164 524
768 521
384 265
506 833
68 119
298 473
456 340
989 149
223 135
92 760
68 911
71 61
855 168
921 701
524 743
234 304
790 270
300 7
858 920
893 139
34 619
455 289
117 835
94 915
636 900
704 485
302 337
493 77
686 632
787 588
477 977
145 682
515 767
125 424
418 110
263 952
164 411
423 953
148 500
109 345
628 115
489 506
932 577
471 217
342 250
706 657
652 294
86 360
645 867
190 827
1 109
780 829
571 4
358 668
780 275
929 923
517 1
305 168
338 761
371 204
135 51
139 346
786 208
751 67
291 538
844 579
336 206
677 418
835 36
848 724
344 873
637 568
615 383
527 308
448 398
571 592
506 296
856 390
313 181
436 680
214 998
97 2
712 181
62 580
49 11
236 982
91 671
154 50
754 708
378 414
678 879
204 614
167 441
414 657
682 585
214 858
478 249
58 92
995 445
124 20
451 940
819 268
356 997
909 257
602 476
375 844
741 319
756 672
974 938
561 854
196 157
257 421
383 821
641 590
974 279
938 348
877 496
917 770
761 314
59 581
634 193
806 10
843 961
90 467
968 282
492 598
159 29
258 986
737 937
156 665
384 815
480 393
733 179
447 300
440 361
200 417
707 833
100 224
461 837
655 538
360 261
766 740
979 465
812 425
777 494
65 956
275 458
596 947
465 28
253 842
69 603
193 469
94 563
248 475
389 811
148 933
876 21
283 837
1000 33
304 210
85 223
618 432
50 301
834 407
678 130
862 568
502 117
334 534
10 537
442 223
906 998
967 415
782 409
935 705
923 682
200 524
867 996
466 121
619 276
32 401
180 370
109 742
648 555
512 612
566 903
350 265
573 678
94 792
152 685
84 393
561 521
633 726
654 904
160 915
380 473
644 250
645 758
337 335
801 388
934 649
892 348
552 137
8 359
817 593
508 626
696 433
219 896
614 462
49 67
453 152
534 228
113 575
519 428
917 192
515 407
816 371
714 676
776 397
631 709
658 355
676 495
638 741
184 482
341 505
645 818
185 554
120 349
677 358
366 210
448 789
128 174
730 417
105 370
51 403
972 307
909 726
961 849
521 119
452 79
845 920
339 760
149 576
799 19
65 165
410 684
810 969
468 727
468 274
483 703
575 43
129 774
850 573
334 911
600 525
306 955
603 647
419 733
758 948
683 564
918 501
752 856
609 555
598 432
852 675
222 315
1 768
348 910
410 714
595 790
809 438
128 475
679 724
235 892
738 578
142 554
449 467
106 821
293 85
365 557
594 966
550 849
988 959
198 792
315 121
440 860
756 622
96 285
697 547
505 455
452 906
676 116
729 52
461 935
344 29
35 214
261 670
713 960
590 507
962 66
7 321
829 284
726 515
239 970
387 636
562 265
968 365
850 641
39 407
877 574
220 881
145 472
368 866
418 475
826 507
284 612
2 842
182 417
456 53
297 430
916 15
997 137
464 642
27 191
125 526
583 413
257 330
54 410
409 966
601 810
784 153
990 720
134 907
316 430
553 578
72 389
712 797
828 17
930 189
858 993
227 794
194 306
502 387
651 970
132 771
315 535
288 167
770 270
165 765
252 459
815 656
124 321
635 20
332 938
184 729
511 577
638 635
677 976
626 144
179 110
738 320
90 619
654 906
463 167
867 967
748 84
998 977
113 694
734 659
20 225
209 303
401 190
273 879
142 830
456 950
117 159
228 643
546 104
445 795
500 314
57 207
916 465
698 350
100 843
456 565
402 579
36 875
909 777
463 254
974 797
579 942
372 334
224 886
767 287
85 716
491 235
639 177
643 663
55 313
751 189
289 186
136 580
948 474
621 389
885 633
608 487
453 462
17 82
225 807
113 233
779 892
426 547
175 678
336 861
955 766
214 507
559 633
668 154
126 979
350 632
276 401
634 865
462 970
657 367
281 16
416 985
505 796
222 882
640 811
302 353
139 17
321 385
954 460
542 30
473 456
566 915
230 529
960 982
594 910
300 679
326 444
601 167
847 9
201 683
831 323
762 304
225 309
327 664
418 467
548 587
561 198
658 961
602 226
118 425
884 292
500 918
202 183
538 233
32 511
381 819
44 643
277 435
571 688
32 551
493 419
287 476
741 899
127 702
438 640
956 346
564 65
17 865
687 397
542 485
492 114
297 66
143 38
145 678
392 45
605 725
148 22
859 807
920 337
463 643
199 920
853 892
721 945
744 491
140 159
837 779
325 552
382 847
804 317
633 137
40 400
159 954
79 525
310 903
848 668
542 764
996 60
866 109
259 950
352 860
399 857
962 570
678 581
432 728
355 557
565 812
439 574
132 753
654 871
910 816
673 859
427 709
474 236
830 584
724 977
541 145
632 887
304 768
70 25
689 710
138 472
355 535
631 85
523 416
926 186
430 383
353 891
787 901
726 27
264 544
346 243
635 591
985 19
749 582
122 199
432 250
42 4
326 205
869 159
533 988
344 936
216 301
643 132
791 289
146 680
955 545
933 393
534 488
480 50
857 2
378 263
332 679
675 233
307 466
748 347
965 254
968 785
879 605
544 981
492 309
563 450
618 907
466 455
245 142
717 975
791 353
769 567
218 245
156 727
907 676
509 983
49 771
268 956
75 835
200 37
796 475
243 831
572 640
346 623
313 187
708 234
68 121
414 470
260 163
497 980
650 782
989 9
873 396
606 353
244 484
125 529
431 151
444 450
622 291
752 249
43 102
483 151
755 57
167 590
799 15
922 876
48 515
602 30
372 166
39 171
249 184
296 969
486 491
933 369
48 22
555 536
811 761
445 989
638 999
428 175
266 641
521 971
683 780
917 666
913 51
720 215
722 931
544 723
492 578
419 112
794 72
160 431
388 977
907 844
75 247
273 656
910 573
978 543
198 287
583 413
681 311
441 21
176 208
354 830
200 946
189 782
159 851
493 145
419 635
965 573
223 960
981 614
73 379
399 302
1 656
328 309
529 360
216 975
780 682
81 120
413 561
659 912
491 455
642 559
244 473
460 380
361 17
547 206
852 904
937 560
421 535
471 186
616 481
652 284
23 26
755 672
213 830
589 354
378 858
24 347
448 487
965 399
176 622
516 297
296 280
409 635
662 141
680 175
542 480
358 471
356 634
82 855
536 311
32 701
129 246
258 76
880 832
502 262
934 90
379 606
722 860
445 225
68 579
775 306
210 868
243 498
195 981
572 795
752 598
230 953
419 346
226 559
441 176
621 866
552 868
218 256
656 933
760 262
775 380
609 499
229 240
692 300
828 846
426 132
618 770
843 452
824 507
543 643
742 163
987 812
734 674
891 486
25 650
306 585
517 669
813 91
972 659
703 819
4 750
129 750
375 46
571 996
366 574
676 552
127 3
611 381
666 845
689 509
497 859
879 646
398 730
342 582
12 976
200 469
226 209
162 440
666 642
996 777
450 107
386 274
14 917
449 18
951 646
523 235
196 692
495 698
281 873
387 521
109 742
540 589
130 661
94 353
551 777
716 539
430 309
202 130
433 999
376 130
787 841
259 605
513 491
89 678
451 897
294 331
371 514
41 230
486 456
451 455
287 384
555 76
182 114
31 315
873 59
958 385
275 879
728 819
584 395
757 766
791 992
646 558
538 238
852 969
76 321
221 37
611 889
821 442
979 358
417 879
935 161
601 642
21 212
881 906
295 189
205 971
280 786
251 347
863 658
89 840
993 634
268 785
654 584
706 394
283 365
584 887
407 47
940 941
155 963
125 323
459 955
619 882
176 185
157 243
772 493
524 474
742 397
329 425
767 104
261 596
853 546
276 568
633 797
499 40
795 718
495 536
689 774
406 922
583 299
459 709
767 141
32 197
533 302
926 348
730 121
527 316
596 955
141 96
219 203
690 35
238 664
225 386
109 658
665 590
831 894
307 943
686 175
556 578
186 119
521 162
607 261
129 7
451 559
269 830
457 971
357 403
289 717
710 603
487 881
645 748
964 157
563 56
520 189
589 944
865 62
610 785
635 64
734 328
806 554
78 796
16 832
942 476
464 949
158 948
740 434
709 260
503 90
611 632
535 660
591 808
963 85
394 584
314 63
153 271
622 650
22 200
890 5
181 711
256 500
463 502
471 630
933 107
241 466
9 644
9 599
218 20
854 515
720 969
952 996
753 164
736 911
956 605
459 214
172 970
334 332
597 184
373 834
119 914
707 4
206 461
232 829
708 681
70 985
690 277
786 354
570 381
763 202
66 415
655 353
578 357
691 247
617 520
857 413
788 675
27 521
221 9
598 730
956 344
292 796
51 435
371 51
563 409
846 453
668 802
995 214
940 19
26 69
883 545
478 790
95 637
712 410
336 933
362 763
26 523
973 8
568 192
651 397
63 749
352 516
666 505
927 156
802 202
380 55
997 825
269 55
400 880
189 268
131 382
491 780
353 217
127 656
320 39
308 491
493 129
392 690
619 859
389 137
842 142
639 267
376 10
673 332
885 922
539 901
917 498
416 696
883 270
341 597
927 152
381 767
34 44
165 806
301 844
126 108
659 340
478 831
499 338
733 610
12 179
314 993
246 447
902 517
178 700
463 154
862 608
813 891
689 960
965 582
164 65
133 641
904 699
19 327
8 278
844 648
559 763
973 799
83 313
800 369
846 903
619 659
241 784
87 851
343 776
841 401
170 735
689 984
910 891
483 258
677 80
9 708
844 655
948 936
420 267
438 36
79 426
771 760
252 937
563 731
864 604
477 22
318 267
71 815
115 916
276 265
587 94
404 33
310 563
275 205
188 277
35 970
330 156
770 336
837 847
47 370
42 36
802 160
593 276
56 789
736 890
949 492
423 851
590 554
525 38
436 508
491 128
975 130
245 777
855 189
334 816
456 658
621 564
386 90
69 867
890 511
178 335
65 316
728 599
317 243
580 664
575 255
258 642
990 315
463 193
624 415
119 810
108 518
593 156
438 64
362 786
536 538
806 868
941 153
884 488
535 97
645 292
298 236
735 630
471 374
278 408
413 111
566 416
791 594
231 729
564 128
822 74
456 838
493 942
149 376
641 880
76 958
253 286
933 603
900 950
679 830
602 810
84 100
68 152
769 391
62 438
279 280
665 831
176 684
299 131
176 962
57 743
44 413
666 68
63 696
828 947
739 694
769 647
829 200
355 857
721 793
258 467
770 739
238 252
910 135
539 793
565 22
82 257
320 669
365 808
118 711
36 464
582 292
819 825
120 131
920 586
758 989
684 488
612 730
909 737
375 500
695 395
869 678
150 734
855 201
774 405
758 305
832 213
613 30
747 731
445 296
129 540
948 759
957 171
293 666
925 108
773 699
153 2
811 12
332 92
591 322
387 664
18 130
1 366
682 202
683 814
962 737
178 98
397 836
254 864
929 384
337 913
652 14
28 243
898 857
951 647
184 522
753 419
617 959
859 992
585 74
657 863
59 888
356 517
847 989
499 840
681 821
57 489
141 110
389 772
907 122
482 163
958 475
705 851
621 2
989 406
564 933
907 32
766 854
681 757
306 395
331 57
712 448
730 803
755 992
418 265
523 883
605 629
663 188
396 214
846 807
918 723
740 526
417 742
668 945
725 476
562 70
827 628
649 3
924 798
905 870
235 259
48 15
973 315
673 987
129 160
872 769
638 648
1000 827
908 109
688 181
408 24
786 22
345 102
806 964
552 829
683 699
345 65
583 711
776 850
617 278
838 667
344 133
725 8
186 418
889 526
908 62
92 460
973 1
975 101
432 177
666 918
376 852
662 552
59 461
834 563
803 201
621 873
563 244
379 179
543 169
280 900
505 859
687 784
488 645
542 83
605 437
940 195
435 644
141 473
122 226
495 665
284 673
506 441
331 415
11 440
224 940
529 827
1 365
31 941
464 879
848 498
395 659
875 66
155 817
3 715
703 261
28 550
741 797
827 606
756 220
997 426
516 738
495 984
213 226
401 368
917 889
236 711
194 4
775 882
843 135
764 826
372 385
956 899
136 233
504 197
251 437
760 767
437 830
272 390
700 622
628 216
856 890
397 895
214 754
791 975
937 480
926 435
637 613
82 691
144 785
962 116
871 371
37 299
13 302
336 252
194 902
233 147
111 308
924 187
277 210
851 257
113 769
616 982
556 254
269 415
871 143
317 391
115 445
624 316
780 172
419 566
703 684
583 54
958 318
384 542
409 241
820 788
911 636
39 616
306 219
239 516
753 814
536 853
763 788
368 776
155 685
829 418
299 687
956 20
584 711
338 436
250 812
868 276
251 706
944 950
309 52
2 615
348 633
843 687
8 636
494 610
998 901
128 716
514 746
515 175
833 931
918 279
502 622
806 832
814 500
466 257
808 998
844 656
217 434
431 873
141 187
200 618
404 267
993 658
428 711
357 530
297 84
198 739
373 262
910 979
228 453
406 455
399 704
994 890
789 621
844 619
598 180
806 403
293 739
108 52
495 630
939 684
256 565
827 33
410 812
626 606
163 232
17 585
487 66
484 649
48 23
127 433
843 767
721 889
726 259
217 290
435 298
681 198
404 773
315 515
285 975
211 460
27 979
781 799
941 897
449 442
523 91
722 813
826 102
548 805
909 944
377 602
791 501
622 239
611 471
769 36
348 535
48 639
83 633
936 263
997 277
720 975
67 223
582 59
684 321
900 84
227 325
502 648
601 177
137 830
367 6
501 985
12 311
247 300
364 615
324 697
365 899
477 212
102 199
33 904
373 311
312 506
314 771
461 437
848 894
337 581
806 240
56 514
31 45
82 875
368 338
273 576
90 405
800 947
446 161
865 32
129 734
574 637
416 447
569 728
57 747
889 991
656 170
640 191
577 898
764 942
577 195
716 526
651 199
763 279
958 791
254 288
396 235
164 499
840 972
381 427
854 441
42 78
708 288
32 158
598 238
101 996
324 938
440 91
708 94
447 188
382 495
614 772
278 721
519 586
326 661
940 92
59 526
870 71
265 435
506 976
678 869
379 885
554 612
603 496
649 110
530 991
931 287
409 478
803 140
415 813
596 709
81 116
777 244
587 924
250 372
126 174
601 724
253 81
442 840
33 201
637 621
129 815
280 877
48 225
607 617
180 158
119 174
844 244
65 159
364 85
22 367
601 150
192 283
352 559
335 662
978 403
71 49
866 629
360 748
145 222
766 423
764 976
773 399
675 37
997 968
109 684
338 662
608 63
677 114
56 318
311 250
925 37
256 476
577 633
40 670
176 87
957 856
890 612
78 539
614 902
545 638
307 834
927 870
571 447
11 269
363 283
802 967
574 240
247 42
359 426
915 596
107 636
882 893
589 417
915 391
239 657
754 404
703 776
837 195
485 154
8 519
566 911
437 457
315 18
930 691
105 836
287 342
482 201
175 802
761 488
398 699
104 785
528 281
873 237
343 814
259 829
460 821
602 116
525 379
687 359
596 918
681 567
919 381
223 978
379 148
937 221
133 76
224 428
177 222
718 831
678 712
243 15
893 382
197 54
444 951
779 149
722 569
105 740
279 232
402 806
997 965
143 426
298 462
881 277
556 988
435 84
556 430
686 786
478 54
148 899
527 823
869 545
274 916
790 330
536 529
157 730
639 186
496 573
970 404
468 390
961 695
288 173
543 124
516 979
442 900
62 100
927 745
399 904
888 284
994 9
353 96
685 695
588 424
942 562
906 350
118 140
687 81
310 187
54 40
268 499
50 613
882 957
14 8
916 407
309 886
176 943
926 420
924 445
429 945
349 9
916 379
861 397
318 809
81 404
851 534
304 490
168 238
731 518
304 830
101 920
868 664
662 888
180 613
611 971
568 974
574 404
120 180
916 73
158 487
557 200
705 739
513 400
379 777
843 290
34 605
984 428
627 645
601 191
737 446
732 323
419 919
179 812
74 226
233 194
117 750
43 935
858 390
737 841
880 112
762 710
547 223
417 434
917 322
91 303
724 473
986 724
689 703
27 635
355 919
452 552
850 95
26 109
992 988
721 1
667 752
616 879
945 726
895 465
564 122
325 758
622 762
813 236
188 794
434 915
758 816
397 93
7 229
417 895
831 770
67 469
336 868
148 376
952 748
142 122
921 662
178 651
452 317
314 365
181 276
270 765
901 830
145 272
475 355
235 271
156 606
684 297
824 353
880 360
53 449
815 929
47 929
332 349
320 432
969 394
977 786
614 750
855 459
740 524
13 789
952 148
547 672
385 430
626 555
971 154
941 747
51 73
647 740
426 86
910 449
525 203
449 198
959 728
17 618
782 521
392 135
934 1000
522 845
634 791
912 673
962 262
35 431
574 651
900 523
232 303
681 528
137 299
232 87
347 891
435 415
614 626
122 385
592 500
158 569
172 512
996 592
307 918
163 997
353 163
24 961
358 757
377 561
955 466
400 504
426 554
254 717
857 499
989 533
76 328
408 179
425 16
979 987
812 867
723 185
537 362
574 390
622 494
660 442
58 711
343 177
691 982
131 282
3 748
136 977
197 35
766 841
776 972
852 409
396 951
211 423
40 7
966 210
325 395
759 654
628 291
885 524
741 364
481 203
87 274
259 709
953 601
357 460
445 515
173 373
122 2
91 810
974 667
878 36
26 157
98 580
761 628
494 440
464 213
314 778
843 270
87 234
864 571
328 179
99 184
504 599
278 982
55 889
688 544
734 809
464 636
90 218
583 941
684 318
746 14
490 475
663 531
773 101
185 648
918 261
273 120
654 892
278 176
104 66
898 719
87 85
106 982
250 793
154 776
277 699
756 252
617 599
921 301
826 357
313 896
769 582
83 191
171 185
199 811
105 540
740 78
550 424
54 432
911 832
382 405
629 314
710 845
955 186
633 588
394 855
528 825
801 141
676 363
482 496
808 918
408 139
802 846
173 566
674 43
916 830
81 352
211 593
389 487
121 320
683 151
47 418
843 818
498 143
687 800
355 678
478 293
430 459
922 986
833 836
593 573
213 484
900 471
448 659
383 272
449 678
854 341
506 822
695 375
447 687
651 420
72 212
465 435
699 391
634 476
170 2
563 323
618 516
8 901
118 690
708 406
921 579
635 233
704 346
802 889
391 525
652 264
40 874
128 62
756 464
916 180
599 742
559 879
116 645
170 361
201 348
145 709
55 502
46 879
299 305
868 697
651 848
372 54
801 148
924 469
918 23
95 555
546 80
152 420
740 976
233 176
251 932
145 841
934 30
658 116
226 847
962 434
71 838
416 897
903 631
612 948
414 749
287 625
464 568
173 490
523 802
745 388
450 170
546 158
944 982
178 549
372 49
939 276
490 121
572 63
983 551
441 627
114 50
115 281
980 392
157 777
718 865
108 426
469 633
636 340
873 645
18 571
206 978
382 220
374 706
341 75
537 934
257 723
982 322
265 778
256 750
112 636
330 259
54 985
883 462
81 891
312 563
982 542
951 805
109 424
369 853
372 331
30 898
327 438
306 387
346 602
511 96
662 244
126 416
689 537
178 563
158 145
979 343
465 433
19 748
636 600
347 161
137 794
794 923
158 499
941 268
225 662
20 552
369 334
554 815
109 927
289 773
618 364
609 972
655 165
129 713
869 56
792 627
714 573
562 982
744 937
550 380
980 246
150 107
385 305
306 547
855 8
648 412
509 773
862 822
900 350
319 94
805 377
637 160
791 444
151 409
190 491
117 462
683 845
633 538
278 339
307 49
110 984
712 613
660 729
723 455
834 850
522 886
377 453
192 86
220 68
119 556
518 317
745 75
604 723
802 917
871 341
969 345
487 915
404 140
426 774
566 719
530 847
371 863
988 744
139 821
113 501
476 104
125 759
752 373
513 533
952 22
314 608
169 27
768 464
244 259
261 787
128 59
24 272
212 621
316 6
773 98
62 279
16 347
122 536
157 434
436 415
490 481
281 463
902 723
113 109
301 258
47 837
285 166
36 991
194 98
484 439
625 905
305 451
383 319
910 38
940 458
155 810
474 296
4 523
513 264
39 22
201 802
624 490
10 493
920 741
370 808
352 646
610 19
409 146
300 820
394 247
11 672
360 530
460 72
59 276
547 825
80 2
638 832
951 9
50 3
282 927
660 364
473 261
81 501
232 952
162 961
533 897
167 267
871 715
595 344
947 812
369 662
669 538
444 246
115 164
399 262
17 238
354 777
235 914
230 425
451 976
61 691
922 550
489 221
33 375
754 415
238 818
561 287
71 217
464 768
170 175
18 441
611 529
770 972
880 635
467 175
180 904
212 719
361 637
508 36
342 986
891 305
588 420
236 490
990 291
898 430
444 270
36 605
243 821
287 703
548 744
641 411
703 176
826 727
848 848
51 756
813 894
540 966
399 706
291 321
631 688
215 746
746 95
233 648
418 197
593 189
132 371
511 6
520 936
245 106
44 575
674 216
445 666
839 300
235 235
235 45
248 865
925 641
446 222
510 262
915 579
10 507
909 297
670 62
563 157
345 463
524 734
194 438
537 634
237 496
915 707
274 291
177 550
696 832
151 32
986 377
731 57
503 390
114 221
956 935
650 192
656 950
668 202
410 488
444 620
946 85
277 310
181 100
844 586
464 497
495 139
625 962
680 159
458 368
778 148
18 262
867 25
831 273
687 25
420 451
269 978
233 52
64 47
351 943
66 161
246 32
959 698
501 317
391 443
571 377
953 353
247 151
749 950
910 445
541 459
51 117
445 190
72 538
692 678
811 390
310 590
879 612
752 293
281 460
43 891
352 647
655 738
987 620
408 418
728 651
219 863
724 801
941 793
297 319
591 406
237 96
704 350
516 174
613 631
960 595
260 776
31 135
169 877
835 239
307 215
367 800
295 350
47 687
677 184
407 534
807 263
933 894
100 84
424 356
219 424
773 632
23 150
468 810
18 71
626 177
600 978
81 876
401 247
815 96
951 362
746 924
938 788
457 944
375 621
497 645
179 561
749 145
90 455
102 129
601 424
775 445
360 797
17 90
601 381
77 392
208 455
786 3
337 481
524 367
540 966
191 183
514 539
265 853
326 868
800 142
222 469
310 573
429 552
922 54
165 607
769 149
601 527
990 615
134 103
913 674
799 629
478 16
559 258
823 884
279 243
134 307
301 750
433 670
458 501
786 252
247 229
589 112
276 798
800 610
400 154
194 155
536 354
648 31
489 560
490 644
12 777
615 34
982 159
130 599
509 345
224 154
567 686
381 129
120 229
229 925
706 975
238 741
163 960
88 828
350 626
417 608
110 326
46 752
455 788
82 327
682 576
19 187
764 505
208 920
418 953
518 398
281 547
686 47
284 233
802 478
923 824
418 260
156 989
493 516
731 944
185 186
82 818
612 441
466 462
888 724
38 898
285 275
241 946
814 766
341 928
42 56
924 208
864 680
598 372
594 478
284 443
238 84
437 966
720 281
930 828
267 453
761 868
849 917
442 296
506 773
377 514
208 5
964 143
248 286
977 155
689 727
948 104
563 187
71 817
340 251
675 697
522 10
609 403
418 281
662 715
803 821
328 32
95 786
595 750
884 701
823 730
791 913
771 385
487 722
573 506
473 709
590 738
694 785
353 436
949 575
512 146
706 322
168 841
756 174
1000 460
296 708
948 591
264 31
846 863
880 281
899 215
506 581
750 144
875 507
921 68
435 224
295 614
253 537
32 900
4 96
686 295
734 173
967 865
385 723
480 770
660 112
371 751
737 394
611 585
173 770
631 277
359 974
324 37
852 511
750 785
415 99
82 73
864 976
519 461
431 388
806 422
658 877
861 236
656 644
868 552
532 258
649 612
863 381
576 143
760 977
328 975
728 441
491 853
705 44
571 885
631 293
540 184
646 31
715 363
581 390
146 105
247 78
733 238
694 6
758 555
423 274
441 292
21 579
346 466
567 617
55 722
83 878
489 201
943 476
629 649
526 172
696 621
287 660
912 267
477 233
886 408
7 568
428 810
978 564
185 716
408 25
351 100
679 648
873 66
175 691
355 54
783 836
674 686
514 662
482 477
267 870
221 547
527 860
375 506
450 575
846 511
883 545
640 387
459 113
133 831
815 496
758 350
80 146
670 193
142 876
489 72
263 315
75 122
814 102
657 522
301 800
486 862
165 151
313 952
627 115
746 75
145 182
276 631
238 353
406 650
535 434
299 585
120 841
956 343
951 605
555 34
604 856
574 437
395 806
381 416
93 682
794 508
258 239
554 504
75 572
938 38
640 512
375 286
282 893
468 530
884 615
434 576
560 355
637 485
485 77
298 135
544 826
245 590
95 946
644 795
393 65
271 670
195 38
950 88
896 184
678 748
680 396
513 342
542 12
609 8
520 231
553 973
525 522
841 230
951 56
798 638
265 379
325 337
524 528
235 246
833 186
990 405
458 347
594 749
546 617
460 558
966 129
420 386
525 624
632 344
875 239
211 336
398 422
386 377
879 765
798 588
907 782
625 561
944 171
184 41
956 912
418 165
465 257
355 117
391 223
29 490
711 871
484 684
479 864
537 450
224 958
865 716
541 474
207 528
106 200
254 495
437 28
636 340
355 182
728 385
714 98
530 330
679 334
414 502
443 391
443 132
605 537
57 252
422 665
166 94
443 292
269 38
871 480
506 434
29 653
91 111
386 469
113 998
373 559
334 908
374 905
189 378
752 551
983 681
574 344
969 850
373 681
178 392
795 250
785 99
491 561
99 188
450 597
734 931
259 99
221 219
600 284
137 443
739 90
345 646
986 551
710 306
603 41
987 710
5 275
235 838
348 90
693 141
426 655
673 315
388 400
772 194
718 293
795 200
246 830
960 295
754 930
335 186
53 722
444 395
202 715
559 952
60 155
780 38
244 848
444 676
210 579
572 668
556 686
379 69
818 462
845 908
25 581
621 289
368 428
262 884
801 292
358 90
880 496
585 721
702 997
100 854
523 743
207 842
631 713
495 426
969 665
40 648
97 919
612 433
968 706
132 134
73 168
141 63
862 439
532 588
953 848
737 654
208 775
890 297
528 222
105 185
308 437
539 461
446 670
11 645
892 653
527 833
180 727
332 3
926 144
788 699
752 70
160 818
544 979
145 462
605 579
96 77
376 744
729 256
589 854
239 375
297 342
316 404
913 833
169 332
697 956
859 417
275 234
859 797
244 815
842 12
821 750
880 291
730 304
921 183
774 856
930 342
434 801
851 537
593 440
363 559
458 305
281 793
314 803
831 395
221 16
600 288
298 109
633 672
131 850
59 302
788 622
445 392
801 441
841 816
701 769
882 864
287 599
788 955
157 110
985 334
668 834
495 899
597 141
488 885
498 170
623 798
447 597
166 255
183 72
610 157
790 404
942 877
126 151
499 546
165 27
601 165
704 762
648 243
40 422
704 692
383 332
792 715
700 772
580 571
622 508
576 694
320 434
931 655
661 149
679 183
659 709
782 168
220 198
405 881
699 381
986 126
175 210
981 321
994 936
384 312
420 237
820 977
256 348
811 658
464 129
161 820
916 902
6 621
298 835
539 469
811 454
407 434
196 393
666 459
648 693
733 639
880 769
559 789
843 349
733 189
389 445
718 750
764 349
293 313
523 273
954 686
220 520
4 924
992 920
590 221
222 566
113 514
847 399
53 249
52 60
355 92
209 923
645 193
572 543
360 929
964 604
400 692
641 755
988 969
160 586
219 459
357 804
664 102
214 423
922 547
680 616
69 453
104 201
936 389
770 235
725 282
541 553
494 53
824 572
440 174
854 779
20 388
41 270
842 489
54 519
866 715
490 576
721 19
101 450
202 5
53 146
188 166
196 731
175 409
151 385
229 133
297 574
41 526
56 928
550 607
195 834
507 763
203 732
911 961
133 461
2 835
442 225
915 623
782 451
571 182
705 947
748 854
132 453
330 72
317 371
21 453
410 657
863 247
81 258
576 631
843 43
644 65
624 679
41 269
760 602
864 108
587 435
119 339
163 545
682 362
813 714
380 775
821 391
881 619
856 373
19 732
66 245
250 586
34 60
104 593
149 846
961 863
239 432
112 806
553 126
646 473
195 943
682 479
634 405
563 960
32 604
112 492
95 257
757 190
204 19
418 137
593 908
703 97
377 354
660 405
117 276
718 96
482 41
247 746
621 342
499 546
397 962
826 33
443 975
831 635
689 254
789 864
967 586
650 88
874 686
794 488
884 326
917 654
14 524
390 30
674 914
676 55
570 630
428 398
847 869
159 202
697 481
934 920
121 218
145 975
10 638
674 475
306 784
398 642
948 799
524 434
497 596
20 312
540 959
267 9
900 270
589 389
193 485
53 863
76 996
12 940
633 506
218 126
907 113
2 196
159 24
508 499
204 810
714 73
284 218
578 503
415 238
741 174
40 982
57 160
35 997
387 866
650 34
982 940
188 285
633 399
807 839
746 646
190 511
318 941
504 46
762 344
359 570
641 748
166 533
219 441
438 527
965 295
302 756
880 120
743 101
919 91
524 542
147 998
117 498
296 58
245 206
802 319
124 517
536 910
21 297
854 682
534 328
206 853
915 539
841 184
511 760
381 274
603 81
405 153
259 269
633 128
176 868
924 18
828 181
193 218
839 127
789 447
348 644
698 820
909 43
604 951
111 323
714 532
169 831
868 928
967 113
49 909
701 652
106 308
440 233
472 476
858 389
890 785
124 74
35 322
371 875
101 659
619 803
974 356
615 766
121 921
768 428
773 469
894 556
844 231
978 680
115 773
119 376
440 755
581 341
878 685
585 400
936 587
389 5
272 479
867 7
717 932
162 232
429 354
721 614
851 905
312 477
277 523
985 624
494 976
630 728
672 248
326 310
776 511
433 18
917 828
904 160
853 16
588 675
36 257
126 913
402 832
502 500
103 121
704 747
638 540
500 729
976 844
640 30
406 418
687 130
117 763
447 228
750 490
461 405
417 260
724 633
1000 603
881 284
844 764
267 359
450 995
646 602
20 952
700 830
152 217
879 900
643 834
448 993
676 919
753 677
621 640
933 543
685 612
1 382
954 192
605 494
540 722
44 771
183 929
315 732
2 879
898 444
863 217
441 313
208 562
191 855
937 609
346 794
866 546
815 102
640 627
833 92
233 238
961 150
18 714
449 747
281 369
716 611
100 308
480 25
884 729
681 936
240 496
835 97
606 738
842 228
116 265
687 192
266 580
621 690
991 134
974 231
539 648
977 897
495 436
218 27
595 271
126 626
412 278
576 791
94 396
604 960
296 917
233 726
844 117
419 167
316 440
879 929
399 136
991 383
12 729
944 603
846 97
598 584
797 262
136 999
866 397
336 512
310 818
424 786
983 579
484 752
827 315
310 643
639 498
60 312
260 864
371 766
109 964
674 250
630 686
873 41
593 824
137 346
365 692
441 992
287 355
251 292
880 727
403 369
859 505
359 33
291 676
427 659
568 185
585 146
772 754
558 664
46 510
273 914
522 441
29 87
6 721
92 521
724 865
523 314
599 800
905 747
104 425
545 85
683 674
121 659
457 507
523 152
289 243
797 476
914 983
244 107
630 481
145 576
424 947
482 293
875 374
226 691
913 307
775 526
493 771
125 385
371 35
865 379
107 94
302 993
205 559
318 499
117 38
592 269
115 495
910 14
463 730
538 51
917 622
99 653
291 136
504 787
675 473
133 370
846 799
385 389
454 535
617 95
701 779
220 661
222 834
989 152
604 236
521 222
477 258
553 516
844 785
577 498
458 52
628 449
60 528
1 686
533 796
187 927
586 111
730 69
816 214
324 100
892 12
411 856
890 778
856 56
687 648
291 93
963 426
271 757
661 643
832 517
844 799
580 571
937 49
353 250
64 767
410 349
681 811
272 91
686 896
986 449
509 507
710 922
436 110
196 573
206 906
883 994
613 187
753 564
463 134
782 296
85 445
51 167
850 788
630 45
609 937
671 231
964 176
789 871
607 4
203 899
511 885
134 362
944 789
231 628
151 31
127 739
782 459
480 343
773 374
855 949
661 455
616 979
416 553
848 470
687 256
428 140
306 407
766 971
623 601
971 234
685 771
129 161
308 608
275 713
275 827
503 640
587 554
879 771
607 487
772 295
918 950
374 444
415 570
71 646
124 764
660 943
205 469
701 191
375 23
439 308
349 787
490 678
43 969
996 55
235 351
923 341
652 337
316 669
969 267
667 196
225 490
283 977
313 847
450 940
534 981
174 756
617 920
263 1
403 67
72 112
360 707
312 557
212 823
425 84
69 127
962 568
163 106
743 485
384 680
914 386
87 183
169 812
597 177
840 995
306 689
802 600
708 573
946 74
410 392
25 450
21 521
134 721
812 664
557 382
787 269
128 59
370 803
320 528
874 131
560 814
67 28
920 566
524 569
780 459
349 849
670 842
319 978
696 504
346 717
491 500
866 270
986 984
136 848
335 11
513 745
207 937
286 29
802 57
492 596
781 300
568 353
364 31
658 765
854 278
275 676
326 22
197 630
423 791
595 936
461 473
811 315
99 240
884 853
126 382
854 34
472 716
542 912
769 431
417 173
825 19
824 511
898 199
447 965
829 843
330 367
834 984
975 671
291 601
134 446
264 271
153 118
42 350
227 983
349 547
176 329
62 168
987 190
21 792
129 316
64 422
62 177
861 17
98 458
550 656
880 228
884 983
757 60
400 572
28 389
673 789
929 9
465 556
354 579
45 323
529 198
933 844
843 542
793 817
54 906
478 409
408 793
544 469
81 507
670 900
864 678
152 684
683 390
235 590
313 737
679 549
238 4
770 325
652 8
577 929
942 955
88 615
596 382
132 698
823 486
102 495
173 657
589 169
793 252
529 603
575 226
728 164
420 839
270 22
257 979
939 244
524 188
325 539
448 107
814 853
860 803
156 777
779 335
192 80
349 272
340 534
258 152
804 437
987 81
548 509
735 488
223 13
965 82
109 922
188 391
846 276
708 635
959 32
701 524
195 471
440 346
45 609
315 869
331 307
55 458
311 990
88 221
75 369
747 288
540 83
816 765
245 258
37 792
757 158
52 549
405 895
186 575
202 695
465 103
520 135
886 467
790 837
70 759
50 220
486 415
415 702
103 343
316 573
670 828
622 979
607 945
345 763
651 215
579 563
386 25
373 874
865 416
464 937
711 160
43 336
933 234
120 131
756 162
109 920
830 820
155 339
456 603
413 984
723 833
506 715
381 400
898 578
648 165
308 631
876 698
52 384
988 554
672 243
895 118
731 893
327 428
373 520
214 553
899 569
308 984
166 555
343 11
932 688
144 724
948 28
65 369
684 61
490 937
538 846
909 94
341 108
636 890
615 266
53 863
90 676
347 712
918 948
796 517
433 182
99 140
988 453
41 435
889 916
652 755
270 233
655 943
242 109
435 36
127 897
72 116
735 671
814 14
943 34
805 560
460 258
506 383
168 34
670 886
596 99
666 310
945 938
406 517
322 904
334 560
716 376
314 925
424 675
767 269
366 623
69 517
181 101
613 50
386 330
221 975
502 29
836 617
735 349
323 846
112 88
117 790
958 21
431 705
338 727
594 925
879 782
142 136
995 737
954 267
859 467
674 987
185 311
300 764
384 39
766 528
655 54
291 606
823 109
784 453
719 551
319 307
584 718
653 749
683 68
48 493
629 101
301 928
915 899
381 284
446 507
982 465
182 327
132 652
936 796
406 548
944 151
625 193
745 491
544 57
16 276
85 764
412 895
566 709
706 503
964 231
269 700
243 245
467 905
170 808
54 229
533 926
415 756
353 925
422 45
110 778
969 650
813 798
839 769
832 291
739 307
105 874
411 257
907 487
904 766
579 620
543 721
455 524
318 449
33 550
904 333
620 327
702 989
137 170
739 428
331 42
18 948
219 460
187 302
632 747
700 509
413 999
962 496
867 276
762 150
307 988
109 495
410 359
438 631
479 296
266 188
707 941
943 534
833 320
515 811
902 655
837 991
709 323
115 337
985 107
892 944
692 126
898 712
10 799
609 176
523 975
244 500
652 482
568 209
227 535
317 979
151 960
708 574
349 869
347 365
580 135
775 1000
803 776
627 350
745 918
904 661
455 613
730 918
792 645
391 488
884 779
470 958
78 606
467 142
137 631
279 790
277 822
433 354
669 646
412 873
419 661
974 305
906 502
942 550
564 313
957 307
696 114
450 599
398 290
232 250
135 1
406 648
517 220
365 339
731 591
940 233
18 678
795 991
151 276
756 550
192 495
49 787
427 571
845 216
975 47
993 90
256 837
333 829
576 307
932 979
374 209
484 743
729 765
498 94
805 584
721 590
959 633
136 563
820 457
632 505
167 401
96 311
112 787
873 17
11 245
469 257
209 622
97 77
878 184
42 283
967 225
367 913
345 547
643 283
679 732
351 816
211 935
210 497
840 256
410 821
705 713
731 661
10 303
841 130
598 299
506 226
157 365
337 769
789 628
808 536
624 521
576 142
137 881
58 39
367 296
170 286
636 817
78 683
328 95
314 299
124 376
720 818
386 775
297 407
864 882
789 459
158 976
252 423
242 736
716 4
220 322
170 314
150 168
293 242
105 848
862 402
668 891
984 808
601 632
496 990
677 623
262 214
507 443
322 199
493 912
218 569
40 307
97 611
607 579
620 517
287 392
974 518
189 760
950 802
682 275
344 606
158 760
410 141
319 976
306 848
449 96
436 861
202 916
161 255
113 799
926 983
960 269
874 529
468 312
805 333
970 518
91 546
863 702
272 354
808 675
670 34
191 707
504 405
514 655
441 403
984 718
19 281
575 688
678 763
199 672
317 986
676 554
956 702
1000 154
627 63
472 789
46 148
114 324
54 341
906 257
276 698
815 913
734 969
612 620
688 824
685 537
985 786
118 223
810 477
567 455
330 817
48 815
655 133
213 69
976 159
466 216
143 744
552 588
436 412
933 423
786 682
330 525
655 500
605 994
913 503
744 283
741 211
165 977
487 414
945 728
948 868
305 989
455 252
37 239
698 874
427 134
331 972
654 523
59 876
593 207
145 711
260 688
462 122
517 405
615 626
299 577
83 996
426 899
938 902
485 743
960 212
203 164
363 651
956 434
71 248
542 719
666 942
153 863
302 301
164 696
357 321
321 725
824 348
182 710
966 909
374 171
476 632
225 298
537 819
726 660
815 635
718 156
588 178
698 552
781 552
381 868
4 80
382 669
394 443
690 627
524 100
297 829
56 849
352 137
630 655
229 94
963 148
238 377
657 647
560 684
704 573
421 774
377 890
749 885
609 760
298 83
810 12
484 831
91 144
244 405
789 83
839 461
396 487
990 872
405 683
965 601
539 53
228 614
652 375
633 115
909 277
714 294
738 604
591 41
427 308
644 910
810 310
720 872
145 320
284 202
671 216
178 184
880 366
228 51
792 954
873 292
581 822
798 335
261 217
40 607
843 237
472 418
1 715
807 553
529 704
464 497
850 139
530 864
744 151
137 997
140 498
192 470
142 688
465 646
874 977
223 443
748 707
982 871
392 372
413 549
92 856
374 193
454 280
606 204
813 49
449 810
823 565
310 584
216 576
866 933
538 351
804 553
249 74
891 33
42 195
921 145
78 609
836 1000
756 635
257 310
78 906
814 244
891 593
659 477
203 382
314 147
182 535
541 202
528 51
5 979
660 766
295 717
692 898
308 510
39 649
256 341
35 400
166 943
68 222
61 196
98 880
709 358
972 325
43 607
390 737
274 234
50 561
782 103
134 932
299 152
629 595
909 287
95 440
58 744
161 60
910 491
59 971
933 329
45 219
278 95
620 887
798 511
542 476
655 651
21 742
442 157
552 530
598 740
667 990
386 677
424 837
779 445
914 604
744 848
839 213
20 307
803 895
818 50
597 891
933 430
69 146
293 829
168 446
277 659
11 819
400 674
262 395
718 698
629 803
451 766
184 581
614 696
62 944
660 22
419 984
668 261
706 672
605 928
664 71
422 833
863 273
241 154
206 54
567 585
433 149
767 668
859 37
86 310
716 327
860 737
748 656
438 950
444 319
787 475
241 26
380 460
735 878
349 843
14 729
341 206
406 313
42 970
653 818
425 178
568 568
18 792
237 377
308 772
614 559
374 192
170 337
570 44
66 892
947 187
910 361
339 392
980 772
847 384
484 692
290 520
602 879
620 460
603 678
422 863
494 665
930 804
667 584
889 322
227 353
439 990
902 648
551 350
903 496
620 904
154 914
567 892
304 392
719 210
83 479
814 552
791 443
238 534
482 381
785 857
11 268
512 258
98 542
14 857
532 543
982 114
71 703
536 424
691 357
65 945
411 358
512 744
706 498
937 108
869 52
982 341
538 660
560 450
278 385
933 943
671 645
327 161
171 824
604 893
212 520
162 310
698 177
89 92
353 804
843 379
592 670
962 890
715 691
719 601
421 681
638 857
838 6
214 849
128 774
600 281
798 230
281 268
950 888
670 114
991 377
115 56
307 369
896 707
838 853
926 409
157 892
306 604
512 824
381 963
539 87
560 389
108 970
597 691
102 556
109 107
849 785
268 521
106 278
323 512
862 570
300 807
764 901
369 664
307 275
825 569
30 433
799 899
995 927
324 972
150 945
362 875
218 812
199 564
317 906
465 144
972 936
552 994
658 205
122 791
649 249
264 61
152 731
785 900
293 412
623 586
177 146
333 986
119 449
123 32
49 874
169 707
690 156
706 391
496 290
894 334
507 605
971 43
504 852
668 377
759 365
93 300
690 983
83 482
202 251
65 259
973 886
981 540
43 294
950 454
941 427
882 756
604 408
821 169
701 28
169 792
446 13
41 525
346 515
996 227
337 996
616 873
437 117
408 942
818 270
912 722
76 927
605 136
89 900
666 287
73 339
887 837
899 991
591 329
766 492
5 381
103 966
972 196
258 207
410 631
645 139
657 415
541 22
205 652
971 299
787 126
164 570
219 353
50 267
10 677
92 602
303 80
263 593
534 928
946 982
243 563
814 915
660 822
761 710
654 941
129 569
260 474
533 395
287 975
944 977
819 659
824 115
465 201
634 950
824 840
798 6
436 827
380 346
139 295
767 549
864 739
956 541
719 150
422 352
561 332
400 341
201 427
643 722
968 501
203 55
107 416
535 27
471 939
962 89
679 17
600 905
164 264
282 408
823 152
839 494
254 896
786 993
2 953
192 60
443 632
688 557
957 302
729 644
626 629
678 82
530 334
883 574
483 353
747 573
642 224
596 540
577 348
99 190
711 918
182 212
757 175
111 320
984 466
214 312
373 717
343 596
78 368
737 253
758 958
974 206
770 8
685 997
349 197
975 768
251 533
130 546
987 892
943 72
294 825
552 487
405 636
571 91
116 604
319 494
193 533
209 489
761 698
388 321
479 560
446 961
509 111
516 379
741 733
909 80
48 571
628 564
404 73
981 963
316 637
23 792
492 389
277 104
1 355
829 201
815 843
24 668
659 363
222 255
723 280
937 800
257 534
297 609
92 5
839 982
155 997
913 231
565 132
381 875
349 947
781 965
534 236
636 662
216 774
258 132
845 32
406 516
627 836
544 480
502 446
537 353
739 58
910 793
747 763
612 851
943 742
499 352
368 439
870 357
129 546
244 998
630 816
550 78
399 375
278 780
16 665
111 34
563 443
424 298
410 697
454 620
570 246
402 907
819 126
526 728
639 39
789 296
351 925
452 309
469 190
973 314
378 65
724 698
113 293
253 361
996 769
904 882
575 427
68 176
521 420
129 651
85 48
259 485
421 274
771 483
258 593
53 779
950 758
628 541
268 898
627 406
394 456
826 718
807 450
541 935
399 684
345 546
401 296
996 25
501 69
164 189
377 439
221 606
427 957
277 664
322 170
160 780
767 383
424 898
744 997
36 418
741 351
25 48
526 438
652 350
541 364
877 810
969 950
783 143
486 905
851 999
894 347
2 770
335 318
236 280
956 103
116 566
552 670
123 239
468 75
303 949
793 203
904 396
681 719
515 822
653 271
148 199
966 381
27 441
945 707
476 21
834 595
924 68
838 545
349 712
996 924
858 521
604 923
481 252
488 660
962 824
774 415
866 2
245 346
393 521
998 806
307 74
894 38
132 713
368 881
174 916
133 395
930 60
491 901
478 982
911 409
133 5
900 689
882 796
418 328
872 481
572 94
17 798
415 990
443 376
878 920
688 722
160 699
31 567
481 274
69 824
708 469
725 83
37 527
981 919
127 128
626 136
681 663
778 585
307 429
358 568
559 749
48 951
807 301
50 507
568 658
14 317
485 88
788 255
68 732
339 790
230 158
649 947
234 744
910 171
714 187
560 183
895 366
936 166
623 802
413 244
370 830
322 202
419 85
169 102
181 680
805 709
470 714
601 182
473 500
266 812
284 719
457 604
197 61
932 840
357 74
943 725
680 494
389 587
965 139
581 863
988 808
57 742
828 697
566 916
989 155
157 474
235 82
135 231
814 65
320 216
289 516
583 866
490 508
577 684
203 595
52 109
205 665
398 14
756 153
953 783
783 577
535 21
390 387
253 346
94 414
403 475
390 351
839 255
330 409
425 40
946 275
230 375
538 319
514 71
337 193
281 927
403 847
439 65
362 315
827 897
233 723
970 687
204 378
758 32
117 487
821 437
355 690
29 311
465 148
370 964
799 885
157 499
758 872
134 66
938 844
427 335
146 581
402 86
208 643
371 541
350 947
644 611
272 589
597 154
772 772
616 793
621 339
254 976
435 547
610 136
48 182
987 358
239 344
452 896
535 425
908 970
647 479
240 315
303 364
657 556
502 866
692 24
756 367
843 157
380 258
899 233
894 271
826 996
735 10
594 460
876 462
11 94
868 38
550 733
505 898
980 881
751 697
612 319
755 307
884 77
806 225
870 118
557 28
500 414
355 22
256 748
282 888
219 665
433 351
444 846
808 484
151 802
35 169
736 424
525 209
588 509
679 488
753 673
215 566
211 918
422 964
53 169
395 276
683 238
66 342
389 532
29 981
653 998
234 947
589 979
383 411
917 485
141 335
158 266
972 226
768 390
292 222
210 251
678 992
673 125
302 887
164 202
699 733
356 903
931 555
631 716
500 562
728 517
91 51
348 103
934 943
483 572
934 847
747 648
82 790
730 281
730 785
226 740
303 738
55 302
882 206
508 342
670 28
198 442
42 105
110 264
292 804
290 246
938 100
248 833
35 998
397 285
564 827
583 84
421 24
27 42
789 551
658 882
631 359
925 826
231 135
163 619
470 357
657 13
117 718
298 307
402 777
410 983
304 844
697 288
785 415
392 103
900 737
317 35
932 905
646 432
342 291
636 274
764 810
336 203
261 945
903 727
267 796
248 940
537 252
139 919
935 610
899 672
560 873
698 38
91 455
61 999
50 49
24 162
640 724
543 92
680 531
794 728
795 21
422 39
597 372
911 245
239 936
15 560
239 454
840 757
841 338
716 158
472 384
757 921
68 299
918 356
278 729
370 475
583 95
446 467
318 607
593 773
980 749
462 482
714 132
845 155
68 136
137 192
466 897
963 967
504 974
899 565
884 600
197 877
105 412
31 113
374 537
461 169
896 186
202 327
917 108
742 41
473 531
496 24
490 481
660 609
594 199
354 73
700 854
655 207
416 59
233 233
454 613
878 480
135 889
763 580
236 832
32 561
89 558
268 749
636 639
406 666
173 747
21 802
886 803
997 299
704 955
47 727
8 707
960 711
180 352
279 472
777 938
499 940
925 143
391 598
980 632
409 752
943 104
433 882
790 170
202 131
631 911
486 973
208 99
714 494
930 403
133 626
234 295
158 424
384 797
705 323
26 743
330 934
520 928
355 407
945 32
480 403
568 192
135 921
260 923
470 709
485 245
365 826
952 565
819 241
226 666
844 671
698 957
652 18
150 286
219 931
306 987
995 595
850 46
101 952
642 282
184 423
788 375
365 546
1 699
213 655
40 775
280 39
929 473
461 906
848 161
986 558
29 476
658 138
280 202
693 605
729 131
741 886
650 595
698 80
572 735
375 260
544 494
288 333
374 531
607 325
789 552
336 452
645 203
177 489
867 214
199 453
372 134
276 915
285 639
608 644
668 61
530 726
496 974
352 624
408 832
851 583
303 747
267 160
49 643
920 194
240 776
689 181
341 977
221 203
752 351
120 661
322 46
759 446
38 106
70 713
46 600
36 429
870 439
586 91
665 713
34 53
478 126
982 135
161 434
301 42
217 427
104 322
536 459
212 717
245 979
649 979
138 932
906 773
50 146
913 375
476 490
311 878
141 710
713 930
322 721
709 844
608 292
572 646
314 423
638 49
569 234
62 36
615 204
640 257
481 522
265 483
63 360
132 983
463 370
261 735
539 488
774 221
851 744
474 800
145 513
188 918
636 96
841 716
943 233
525 90
209 989
511 537
718 331
628 34
137 329
555 715
194 35
992 531
746 1
739 417
26 197
90 39
670 956
751 651
590 753
152 390
497 948
201 300
531 84
33 237
794 214
186 522
616 597
937 775
676 271
192 421
988 751
336 41
699 24
654 10
57 578
212 543
851 158
409 177
446 611
31 711
23 862
487 270
386 643
634 663
829 197
513 523
229 526
642 677
608 395
942 316
37 984
672 202
486 934
268 524
978 245
122 252
499 398
831 950
990 286
679 212
895 607
524 387
825 767
978 962
75 793
346 654
578 182
908 108
675 631
247 400
256 670
319 898
77 747
485 295
312 782
985 430
638 108
915 896
170 844
625 1
699 1
46 421
194 834
598 22
716 373
201 392
231 994
964 343
523 966
405 454
168 412
234 933
896 814
969 682
32 853
384 905
64 200
816 558
227 609
527 652
943 842
579 983
427 362
912 719
355 122
862 21
637 946
756 660
717 510
403 569
945 838
651 331
127 648
644 424
202 232
911 792
995 682
632 200
518 773
880 730
213 298
205 909
577 707
649 457
820 456
171 876
446 975
510 366
901 539
870 939
966 637
328 848
868 484
196 469
455 582
171 353
558 175
417 733
96 273
203 345
201 60
66 496
803 184
896 752
408 267
783 336
692 848
83 33
457 875
765 586
410 215
609 630
60 369
849 800
921 687
585 708
884 332
847 678
761 483
676 840
784 411
756 322
267 490
498 625
560 871
634 112
92 62
189 53
619 962
483 269
929 856
651 922
180 338
371 810
463 768
924 954
373 777
147 556
38 490
846 398
85 447
962 270
406 307
130 158
958 664
459 373
441 139
705 313
733 812
376 936
235 668
891 373
469 18
380 407
52 623
44 395
876 757
732 378
395 563
132 83
662 293
408 872
431 633
251 954
926 572
995 701
360 640
982 258
241 853
710 934
559 294
719 627
204 617
573 243
474 605
987 199
201 320
121 123
789 573
386 776
517 232
931 807
458 22
424 707
562 272
314 538
205 156
928 239
298 820
749 6
734 48
476 76
175 215
852 236
97 730
661 482
418 777
778 522
532 857
92 61
582 428
129 664
22 490
211 410
494 631
315 140
776 293
255 561
670 653
659 374
805 989
900 1
106 271
955 312
234 868
291 302
832 902
346 874
382 804
674 17
952 457
545 621
592 836
217 916
287 985
23 152
650 483
682 558
205 135
420 305
272 539
811 103
211 80
866 697
611 616
210 41
545 47
601 993
71 529
776 146
893 149
348 665
499 583
715 933
334 105
797 973
376 326
472 741
169 916
449 10
427 38
295 533
937 749
2 929
788 864
472 41
986 102
783 77
955 579
471 382
352 932
27 696
776 520
495 619
286 763
703 106
790 711
243 131
129 477
245 860
609 8
783 247
275 842
427 271
619 738
151 691
522 826
132 605
526 42
40 565
466 252
191 281
859 431
889 832
756 318
709 152
453 400
556 922
930 394
14 447
122 196
548 513
716 491
270 398
60 185
384 398
923 201
26 605
997 641
502 916
131 219
833 660
433 881
138 141
100 302
346 578
990 561
41 84
85 732
639 39
595 197
709 989
128 146
641 911
206 525
591 142
863 246
691 134
314 768
827 254
908 621
161 416
965 980
701 881
870 65
290 169
223 463
114 357
993 276
223 724
280 89
491 122
841 86
380 982
242 293
461 288
689 949
849 808
303 747
137 874
175 423
212 523
686 742
549 577
416 374
449 521
478 261
474 348
560 424
279 214
989 149
832 898
889 980
342 734
785 809
7 767
779 896
723 771
315 297
416 119
699 488
934 983
423 357
533 717
299 184
480 222
594 95
333 271
873 103
997 391
462 301
772 61
495 624
992 610
987 902
230 940
557 380
15 15
939 881
654 439
669 946
963 13
91 182
756 631
170 920
583 82
350 287
644 932
608 160
254 378
838 96
905 78
980 228
130 338
883 34
392 248
769 634
146 454
21 140
356 969
378 800
964 613
240 195
916 487
197 754
764 936
689 773
594 39
8 312
178 754
387 662
712 48
199 256
508 506
587 733
518 570
387 211
459 948
743 731
441 617
219 202
945 262
337 193
327 243
353 243
333 355
834 541
723 902
39 301
696 598
869 115
840 57
991 20
854 611
618 667
689 695
350 954
749 744
251 642
332 652
626 565
525 529
533 229
519 609
861 566
818 496
675 127
718 35
238 898
216 611
584 79
871 485
550 79
546 604
275 500
813 786
707 809
914 413
107 90
766 134
439 42
125 171
282 379
118 81
464 955
236 562
269 64
46 606
165 603
428 25
758 456
601 547
55 158
339 529
869 308
641 556
846 424
800 262
19 858
463 327
375 740
651 148
734 688
448 207
504 284
930 180
26 384
490 106
372 682
755 779
796 496
981 371
523 118
182 272
528 955
39 706
746 224
601 503
444 202
522 88
892 321
133 908
875 297
951 852
808 120
454 607
818 831
304 236
812 975
204 79
103 292
93 12
943 552
284 27
946 347
581 39
584 187
784 792
463 149
777 132
606 610
917 607
926 89
251 375
118 658
880 390
643 652
559 257
710 874
125 142
350 605
484 632
181 176
934 831
873 766
997 594
309 720
830 998
581 792
815 192
392 184
474 724
381 683
487 485
178 722
884 340
6 372
138 977
445 317
773 791
94 922
63 332
274 798
273 926
890 275
556 612
995 888
245 252
379 392
193 849
16 36
936 317
669 994
381 652
274 707
359 608
490 861
56 608
331 634
232 305
263 50
572 404
523 963
881 98
8 968
669 510
149 112
511 174
159 466
284 140
213 103
478 808
132 206
794 14
874 367
979 570
46 520
597 962
42 853
370 653
728 813
835 443
720 734
377 557
877 851
128 135
494 297
160 14
766 208
767 469
580 283
464 478
359 190
212 146
968 649
461 701
331 237
436 60
270 371
795 419
694 442
459 52
309 466
251 410
151 45
208 231
596 368
407 93
134 39
846 532
64 157
466 954
478 172
994 436
427 588
940 487
698 501
573 418
337 924
580 122
412 181
650 881
307 637
860 414
444 138
82 946
292 552
17 670
349 723
539 740
389 674
577 220
215 849
183 531
236 994
872 282
859 71
314 587
562 435
320 669
821 645
382 894
215 220
119 733
286 771
288 198
930 904
47 104
11 558
466 32
85 494
631 322
926 715
514 988
453 100
641 652
728 229
464 189
988 394
734 818
477 561
956 95
111 190
903 335
899 440
720 222
863 496
17 858
669 457
533 892
747 296
708 133
686 979
548 318
427 846
942 342
152 25
458 863
355 462
310 743
878 430
215 756
461 844
901 163
686 10
999 530
422 554
931 621
169 714
354 433
495 246
930 963
412 172
522 67
80 166
301 73
193 628
370 813
808 486
680 857
166 205
593 652
767 970
895 39
447 181
682 281
658 679
894 986
537 600
470 215
929 445
567 514
710 599
704 379
417 27
426 95
760 514
326 675
592 925
440 336
727 582
96 48
494 899
883 281
326 505
306 221
798 629
914 251
3 582
176 947
832 915
919 27
957 664
457 765
727 330
58 328
592 607
525 669
140 5
281 77
677 100
373 199
163 905
24 709
246 443
749 137
832 941
960 27
252 602
161 512
754 715
897 740
641 291
432 800
836 205
691 642
308 812
528 206
457 532
496 200
370 129
817 110
144 77
46 481
790 333
138 209
380 300
668 842
307 314
527 74
226 713
264 829
716 115
490 693
195 100
598 942
824 983
543 413
200 808
78 748
961 497
611 647
14 468
315 669
221 836
462 497
507 104
709 561
771 729
700 158
257 999
189 66
218 897
23 369
922 570
430 462
129 969
677 591
442 561
326 734
858 628
947 728
726 476
767 120
894 709
582 923
853 108
427 518
466 647
858 487
50 481
333 185
684 871
915 464
250 555
865 99
381 251
179 850
661 198
841 714
110 284
397 469
478 812
400 720
77 726
390 680
868 680
628 900
195 762
922 434
125 208
873 681
593 103
740 13
826 764
699 817
587 117
581 378
401 851
411 10
990 28
600 858
541 545
670 991
442 303
829 258
116 743
793 247
425 391
179 891
724 914
655 954
463 686
91 665
847 464
80 469
978 666
384 434
844 822
561 743
936 457
31 187
383 51
284 593
44 424
208 112
282 722
859 287
408 309
316 515
157 190
559 66
456 188
311 771
931 797
208 199
33 751
93 553
341 961
121 883
384 548
777 943
424 712
91 666
676 976
728 216
468 129
920 631
105 835
643 539
35 754
526 536
38 907
177 624
367 842
868 931
310 560
428 39
21 609
577 171
811 425
245 671
507 642
722 8
265 740
970 254
759 192
937 539
747 863
339 219
568 429
873 118
343 566
387 868
915 800
692 546
779 954
683 245
860 322
516 845
648 339
963 609
632 632
513 525
174 148
230 254
385 983
205 150
611 356
541 796
120 88
109 812
932 391
125 387
949 491
700 350
734 285
606 453
380 181
715 767
741 468
321 385
698 598
150 908
98 766
418 272
397 614
656 88
407 320
148 566
787 779
529 591
839 837
975 728
844 642
943 768
433 239
589 482
223 680
112 644
609 578
645 616
925 249
801 975
923 213
825 270
64 249
250 471
701 514
850 149
569 524
939 190
654 404
938 144
237 207
541 442
729 184
639 561
430 474
417 971
736 651
463 921
620 950
331 716
396 969
83 813
764 451
649 864
959 127
404 617
5 453
4 691
560 336
769 620
713 684
227 266
419 842
970 203
499 888
814 784
926 706
22 29
173 743
615 318
63 724
67 902
993 637
266 55
389 804
357 391
220 683
480 315
499 905
600 605
183 993
527 924
889 429
857 345
330 179
97 130
429 458
298 615
205 139
871 255
294 958
75 170
770 15
588 680
679 10
567 796
483 115
690 285
863 590
139 573
710 636
308 201
28 158
27 749
901 256
761 707
37 701
153 85
345 586
570 682
488 33
612 612
16 896
328 529
273 479
986 496
127 101
192 46
100 763
694 984
582 216
436 893
315 342
415 600
662 286
39 929
92 470
809 359
315 707
911 409
836 193
651 787
744 380
385 847
600 785
581 171
401 350
586 823
124 412
71 254
396 557
516 34
169 815
76 582
328 348
982 480
627 443
216 196
176 154
597 671
222 376
421 210
895 432
444 156
106 187
8 700
20 937
704 136
520 899
744 227
682 141
38 262
285 306
813 803
787 636
708 384
838 41
125 663
528 478
120 818
174 221
646 576
361 109
509 564
637 101
16 9
257 595
562 723
790 788
563 939
956 379
852 474
477 528
896 33
35 762
723 897
426 695
953 979
171 743
63 692
584 223
766 891
74 535
37 960
907 355
362 923
853 878
410 676
302 770
968 352
762 728
169 441
712 963
