10
4 7 10 3 1 8 7 2 5 7
//4

5
1 2 7 5 4
//3

8
10 20 30 5 10 20 30 40
//5

6
10 10 10 10 10 10
//1

4
1 3 5 2
//3

12
1 2 3 1 2 6 4 5 7 8 1 10
//8

10
10 9 8 7 6 1 2 3 4 5
//5

12
999991 999992 999991 999993 999992 999996 999994 999995 999997 999998 999999 1000000
//9

7
7 9 10 8 2 3 7
//3

10
7 10 8 10 1 2 9 9 1 10
//4

9
2 8 3 10 5 1 5 2 3
//3

10
10 6 5 9 10 9 3 4 7 1
//3

10
5 8 10 3 9 1 5 8 5 6
//3

9
3 2 8 2 10 1 2 2 3
//3

10
3 8 10 1 5 7 9 8 9 6
//5

7
4 3 4 9 1 3 7
//3

10
8 6 8 9 5 1 4 4 6 3
//3

6
10 20 10 30 20 50
//4
//문제예시